     13
human       0.0 168.0 195.0 3.0 302.0 114.0 0.0 75.0 70.0 79.0 22.0 155.0 8.0
frog        168.0 0.0 213.0 138.0 313.0 166.0 114.0 179.0 169.0 170.0 166.0 198.0 170.0
zebrafish   195.0 213.0 0.0 138.0 299.0 185.0 110.0 202.0 201.0 183.0 199.0 215.0 198.0
gorilla     3.0 138.0 138.0 0.0 247.0 94.0 1.0 62.0 60.0 63.0 18.0 122.0 4.0
eel         302.0 313.0 299.0 247.0 0.0 311.0 209.0 310.0 303.0 304.0 301.0 324.0 299.0
chicken     114.0 166.0 185.0 94.0 311.0 0.0 77.0 117.0 115.0 127.0 114.0 125.0 115.0
chimpanzee  0.0 114.0 110.0 1.0 209.0 77.0 0.0 54.0 45.0 51.0 17.0 104.0 3.0
elephant    75.0 179.0 202.0 62.0 310.0 117.0 54.0 0.0 84.0 88.0 70.0 136.0 71.0
pig         70.0 169.0 201.0 60.0 303.0 115.0 45.0 84.0 0.0 89.0 65.0 147.0 66.0
mouse       79.0 170.0 183.0 63.0 304.0 127.0 51.0 88.0 89.0 0.0 78.0 149.0 76.0
monkey      22.0 166.0 199.0 18.0 301.0 114.0 17.0 70.0 65.0 78.0 0.0 156.0 18.0
crocodile   155.0 198.0 215.0 122.0 324.0 125.0 104.0 136.0 147.0 149.0 156.0 0.0 152.0
orangutan   8.0 170.0 198.0 4.0 299.0 115.0 3.0 71.0 66.0 76.0 18.0 152.0 0.0